function out=circles6(x)
%move the biggest circle inward
% x(19) = x(19)-1;
% x(20) = x(20)-1;

x(1) = 0;
x(2) = 0;
x(3) = 20;
x(4) = 10;
x(5) = 10;
x(6) = 0;
x(7) = 10;
x(8) = 10;
x(9) = 20;
x(10) = 10;
x(11) = 30;
x(12) = 10;
x(13) = 10;
x(14) = 70;
x(15) = 10;
x(16) = 50;
x(17) = 10;
x(18) = 30;
x(19) = 10;
x(20) = 10;

out = x;
end
